NAXIS1  = 3000
NAXIS2  = 1914
CRPIX1  = 858.4627470494249
CRPIX2  = 775.4008567339157
EQUINOX = 2000.0
CRVAL1  = 88.799993875
CRVAL2  = 7.412318527777778
CTYPE1  = RA---TAN
CTYPE2  = DEC--TAN
RADECSYS= ICRS
CD1_1   = -0.0026363125472133393
CD1_2   = -0.014956620458292085
CD2_1   = -0.014956620458292085
CD2_2   = 0.0026363125472133393
