NAXIS1  = 2832
NAXIS2  = 1888
CRPIX1  = 1648.4377750070055
CRPIX2  = 914.156812650164
EQUINOX = 2000.0
CRVAL1  = 10.674124625
CRVAL2  = 40.86477644444445
CTYPE1  = RA---TAN
CTYPE2  = DEC--TAN
RADECSYS= ICRS
CD1_1   = -3.403720693474965E-4
CD1_2   = -0.0015388013551955008
CD2_1   = -0.0015388013551955008
CD2_2   = 3.403720693474965E-4
