NAXIS1  = 2832
NAXIS2  = 1888
CRPIX1  = 2559.770147278331
CRPIX2  = 910.6236955360903
EQUINOX = 2000.0
CRVAL1  = 10.280553333333334
CRVAL2  = 39.46128272222223
CTYPE1  = RA---TAN
CTYPE2  = DEC--TAN
RADECSYS= ICRS
CD1_1   = -3.3163962019350837E-4
CD1_2   = -0.0015388234257246699
CD2_1   = -0.0015388234257246699
CD2_2   = 3.3163962019350837E-4
