NAXIS1  = 4844
NAXIS2  = 3578
CRPIX1  = 2469.35234755157
CRPIX2  = 2412.1578692728385
EQUINOX = 2000.0
CRVAL1  = 10.684484291666667
CRVAL2  = 41.267790138888884
CTYPE1  = RA---TAN
CTYPE2  = DEC--TAN
RADECSYS= ICRS
CD1_1   = -0.0031365964955866756
CD1_2   = -0.0026930961991619633
CD2_1   = -0.0026930961991619633
CD2_2   = 0.0031365964955866756
