NAXIS1  = 2066
NAXIS2  = 1378
CRPIX1  = 380.6811873905894
CRPIX2  = 1229.7011440613903
EQUINOX = 2000.0
CRVAL1  = 83.67606720833334
CRVAL2  = 22.176462750000002
CTYPE1  = RA---TAN
CTYPE2  = DEC--TAN
RADECSYS= ICRS
CD1_1   = -1.574748324114611E-4
CD1_2   = -1.1412445009177876E-4
CD2_1   = -1.1412445009177876E-4
CD2_2   = 1.574748324114611E-4
