NAXIS1  = 5848
NAXIS2  = 3904
CRPIX1  = 3657.4180301618394
CRPIX2  = 1838.9207615511298
EQUINOX = 2000.0
CRVAL1  = 208.46222933333334
CRVAL2  = 53.72857713888889
CTYPE1  = RA---TAN
CTYPE2  = DEC--TAN
RADECSYS= ICRS
CD1_1   = -0.001431361410987311
CD1_2   = -6.40349146491965E-4
CD2_1   = -6.40349146491965E-4
CD2_2   = 0.001431361410987311
