NAXIS1  = 5644
NAXIS2  = 3768
CRPIX1  = 2452.5660332352713
CRPIX2  = 1149.5463039834576
EQUINOX = 2000.0
CRVAL1  = 250.76826358333332
CRVAL2  = 36.50968263888889
CTYPE1  = RA---TAN
CTYPE2  = DEC--TAN
RADECSYS= ICRS
CD1_1   = -1.0289961504752705E-4
CD1_2   = -3.2698802980013145E-4
CD2_1   = -3.2698802980013145E-4
CD2_2   = 1.0289961504752705E-4
