NAXIS1  = 3936
NAXIS2  = 5896
CRPIX1  = 2415.4173357317254
CRPIX2  = 1641.0387812070474
EQUINOX = 2000.0
CRVAL1  = 83.85776625
CRVAL2  = -5.910507
CTYPE1  = RA---TAN
CTYPE2  = DEC--TAN
RADECSYS= ICRS
CD1_1   = -3.0566208378381273E-4
CD1_2   = -1.5357399205402695E-4
CD2_1   = -1.5357399205402695E-4
CD2_2   = 3.0566208378381273E-4
