NAXIS1  = 5494
NAXIS2  = 3668
CRPIX1  = 2182.3976061618214
CRPIX2  = 2645.7760346473533
EQUINOX = 2000.0
CRVAL1  = 202.98346870833333
CRVAL2  = 47.23474055555556
CTYPE1  = RA---TAN
CTYPE2  = DEC--TAN
RADECSYS= ICRS
CD1_1   = -1.9136526986038193E-4
CD1_2   = 2.8255257673332504E-4
CD2_1   = 2.8255257673332504E-4
CD2_2   = 1.9136526986038193E-4
