NAXIS1  = 4658
NAXIS2  = 3104
CRPIX1  = 2544.391831056588
CRPIX2  = 1972.6023323814925
EQUINOX = 2000.0
CRVAL1  = 98.22575599999999
CRVAL2  = 7.332727638888889
CTYPE1  = RA---TAN
CTYPE2  = DEC--TAN
RADECSYS= ICRS
CD1_1   = -0.0011193256950712792
CD1_2   = -0.0014333684674736535
CD2_1   = -0.0014333684674736535
CD2_2   = 0.0011193256950712792
