NAXIS1  = 4980
NAXIS2  = 3320
CRPIX1  = 2463.389870797751
CRPIX2  = 1912.4563146987412
EQUINOX = 2000.0
CRVAL1  = 313.3117012083333
CRVAL2  = 44.38799758333333
CTYPE1  = RA---TAN
CTYPE2  = DEC--TAN
RADECSYS= ICRS
CD1_1   = -0.001120414284590086
CD1_2   = -0.0014342526834450794
CD2_1   = -0.0014342526834450794
CD2_2   = 0.001120414284590086
