NAXIS1  = 4334
NAXIS2  = 2894
CRPIX1  = 2350.3715067736753
CRPIX2  = 2045.8359936538332
EQUINOX = 2000.0
CRVAL1  = 339.36110175
CRVAL2  = 34.37421427777778
CTYPE1  = RA---TAN
CTYPE2  = DEC--TAN
RADECSYS= ICRS
CD1_1   = -1.5033110957169438E-4
CD1_2   = 3.049353193087591E-4
CD2_1   = 3.049353193087591E-4
CD2_2   = 1.5033110957169438E-4
