NAXIS1  = 4663
NAXIS2  = 3108
CRPIX1  = 442.62005690699976
CRPIX2  = 2241.825895448244
EQUINOX = 2000.0
CRVAL1  = 83.00243629166665
CRVAL2  = -0.2989300277777778
CTYPE1  = RA---TAN
CTYPE2  = DEC--TAN
RADECSYS= ICRS
CD1_1   = -1.2458166554532498E-5
CD1_2   = -0.0018255442977133352
CD2_1   = -0.0018255442977133352
CD2_2   = 1.2458166554532498E-5
