NAXIS1  = 5550
NAXIS2  = 3700
CRPIX1  = 4028.6149547488903
CRPIX2  = 2192.5989587536087
EQUINOX = 2000.0
CRVAL1  = 56.45563116666666
CRVAL2  = 24.36903002777778
CTYPE1  = RA---TAN
CTYPE2  = DEC--TAN
RADECSYS= ICRS
CD1_1   = -0.001372472207400267
CD1_2   = 6.420880213273747E-4
CD2_1   = 6.420880213273747E-4
CD2_2   = 0.001372472207400267
